k: 2, 11, 21, 30, 40	dim: 2, 11, 21, 30, 40	Fri Jan 13 23:49:20 2017
(2,2)	52.28, 64.84, 60.23 | 177.35	Sat Jan 14 06:07:27 2017
(2,11)	1.59, 10.44, 6.96 | 18.99	Sat Jan 14 12:53:13 2017
(2,21)	1.58, 1.63, 1.58 | 4.79	Sat Jan 14 19:41:37 2017
(11,2)  36.24, 55.17, 46.06 | 137,47 Sun Jan 15 01:41:37 2017
(21,2)  28.49, 50.59, 42.36 | 121.44 Sat Jan 14 20:41:37 2017
BEST:   177.35 at (2,2)
----------------------------------------
k: 2, 4, 6, 8, 11	dim: 2, 4, 6, 8, 11	Sat Jan 14 20:54:55 2017
(2,4)	40.32, 50.94, 46.67 | 137.93	Sun Jan 15 03:08:26 2017
(2,6)	25.83, 34.64, 29.49 | 89.96	Sun Jan 15 09:49:32 2017
(4,2)   43.87, 61.93, 56.25 | 162.05    Sun Jan 15 03:07:48 2017
(4,4)   34.89, 47.82, 42.38 | 125.09    Sun Jan 15 05:44:13 2017
(4,6)   26.3, 34.21, 31.4 | 91.91       Sun Jan 15 08:44:43 2017
(4,8)   14.97, 21.75, 18.41 | 55.13     Sun Jan 15 12:04:29 2017
BEST:   177.35 at (2,2)
----------------------------------------
(1,1)   61.07, 73.64, 68.64 | 203.35    Mon Jan 16 07:04:29 2017
(1,2)   53.93, 65.83, 61.25 | 181.01    Mon Jan 16 01:04:29 2017
(2,1)   58.85, 71.55, 66.38 | 196.78    Sun Jan 15 23:04:29 2017
(3,1)   59.78, 70.53, 64.42 | 194.73    Mon Jan 16 02:04:29 2017
(3,2)   50.03, 63.32, 58.01 | 171.36    Sun Jan 15 12:04:29 2017
(2,3)   46.08, 58.46, 52.12 | 156.66    Sun Jan 15 22:04:29 2017
BEST:   203.35 at (1,1)
