k: 1, 6, 11, 16, 21	dim: 1, 6, 11, 16, 21	Thu Jan 19 19:29:03 2017
(1,1)   52.72, 67.3, 60.39 | 180.41     Thu Jan 19 19:40:44 2017
(6,1)   47.02, 60.85, 55.28 | 163.15    Thu Jan 19 21:39:51 2017
k: 1, 6, 11, 16, 21	dim: 6, 11, 16, 21	Fri Jan 20 00:36:27 2017
(1,6)	32.66, 49.82, 44.56 | 127.04	Fri Jan 20 02:14:25 2017
(1,11)	26.12, 46.41, 39.34 | 111.87	Fri Jan 20 03:50:56 2017
k: 1, 2, 3, 4	dim: 1, 2, 3, 4	Fri Jan 20 04:07:20 2017
(1,2)	42.19, 59.92, 52.01 | 154.12	Fri Jan 20 05:39:18 2017
(1,3)	33.92, 53.23, 46.2 | 133.35	Fri Jan 20 07:10:34 2017
(2,1)	51.31, 65.29, 60.48 | 177.08	Fri Jan 20 08:36:06 2017
(2,2)	36.61, 58.15, 48.42 | 143.18	Fri Jan 20 10:11:34 2017
(2,3)	33.69, 52.76, 45.93 | 132.38	Fri Jan 20 11:42:47 2017
